Atoms: Sr2Fe24O38
Unit cell:
    2.964284  -5.134290   0.000000 
    2.964284   5.134290   0.000000 
    0.000000   0.000000  23.214920 
Num of atoms: 64
---- ---- ---------- ---------- ----------
INDX SYMB     x          y          z     
---- ---- ---------- ---------- ----------
   0   Sr   0.333333   0.666667   0.750000
   1   Sr   0.666667   0.333333   0.250000
   2   Fe   0.000000   0.000000   0.000000
   3   Fe   0.000000   0.000000   0.500000
   4   Fe   0.000000   0.000000   0.250000
   5   Fe   0.000000   0.000000   0.750000
   6   Fe   0.333333   0.666667   0.026808
   7   Fe   0.666667   0.333333   0.526808
   8   Fe   0.666667   0.333333   0.973192
   9   Fe   0.333333   0.666667   0.473192
  10   Fe   0.333333   0.666667   0.190753
  11   Fe   0.666667   0.333333   0.690753
  12   Fe   0.666667   0.333333   0.809247
  13   Fe   0.333333   0.666667   0.309247
  14   Fe   0.168875   0.337751   0.890994
  15   Fe   0.662249   0.831125   0.890994
  16   Fe   0.168875   0.831125   0.890994
  17   Fe   0.831125   0.662249   0.390994
  18   Fe   0.337751   0.168875   0.390994
  19   Fe   0.831125   0.168875   0.390994
  20   Fe   0.337751   0.168875   0.109006
  21   Fe   0.831125   0.662249   0.109006
  22   Fe   0.831125   0.168875   0.109006
  23   Fe   0.662249   0.831125   0.609006
  24   Fe   0.168875   0.337751   0.609006
  25   Fe   0.168875   0.831125   0.609006
  26    O   0.000000   0.000000   0.151908
  27    O   0.000000   0.000000   0.651908
  28    O   0.000000   0.000000   0.848092
  29    O   0.000000   0.000000   0.348092
  30    O   0.333333   0.666667   0.944509
  31    O   0.666667   0.333333   0.444509
  32    O   0.666667   0.333333   0.055491
  33    O   0.333333   0.666667   0.555491
  34    O   0.181555   0.363110   0.250000
  35    O   0.636890   0.818445   0.250000
  36    O   0.181555   0.818445   0.250000
  37    O   0.818445   0.636890   0.750000
  38    O   0.363110   0.181555   0.750000
  39    O   0.818445   0.181555   0.750000
  40    O   0.157266   0.314532   0.052407
  41    O   0.685468   0.842734   0.052407
  42    O   0.157266   0.842734   0.052407
  43    O   0.842734   0.685468   0.552407
  44    O   0.314532   0.157266   0.552407
  45    O   0.842734   0.157266   0.552407
  46    O   0.314532   0.157266   0.947593
  47    O   0.842734   0.685468   0.947593
  48    O   0.842734   0.157266   0.947593
  49    O   0.685468   0.842734   0.447593
  50    O   0.157266   0.314532   0.447593
  51    O   0.157266   0.842734   0.447593
  52    O   0.504084   0.008168   0.151488
  53    O   0.991832   0.495916   0.151488
  54    O   0.504084   0.495916   0.151488
  55    O   0.495916   0.991832   0.651488
  56    O   0.008168   0.504084   0.651488
  57    O   0.495916   0.504084   0.651488
  58    O   0.008168   0.504084   0.848512
  59    O   0.495916   0.991832   0.848512
  60    O   0.495916   0.504084   0.848512
  61    O   0.991832   0.495916   0.348512
  62    O   0.504084   0.008168   0.348512
  63    O   0.504084   0.495916   0.348512
===========================================

Space Group: 194 P6_3/mmc
Precision = 0.0001
Transformation matrix to the standardized basis vectors:
    1.000000   0.000000   0.000000 
    0.000000   1.000000   0.000000 
    0.000000   0.000000   1.000000 
Origin:   0.999999   0.999999   0.000000 
Symmetry operations:  24
----------------------------------------------------------
  OP    ROT[0]     ROT[1]     ROT[2]          TRANS       
----- ---------- ---------- ---------- -------------------
   0: ( 1  0  0) ( 0  1  0) ( 0  0  1) ( 0.0000  0.0000  0.0000)
   1: (-1  0  0) ( 0 -1  0) ( 0  0 -1) ( 0.0000  0.0000  0.0000)
   2: ( 1 -1  0) ( 1  0  0) ( 0  0  1) ( 0.0000  0.0000  0.5000)
   3: (-1  1  0) (-1  0  0) ( 0  0 -1) ( 0.0000  0.0000  0.5000)
   4: ( 0 -1  0) ( 1 -1  0) ( 0  0  1) ( 0.0000  0.0000  0.0000)
   5: ( 0  1  0) (-1  1  0) ( 0  0 -1) ( 0.0000  0.0000  0.0000)
   6: (-1  0  0) ( 0 -1  0) ( 0  0  1) ( 0.0000  0.0000  0.5000)
   7: ( 1  0  0) ( 0  1  0) ( 0  0 -1) ( 0.0000  0.0000  0.5000)
   8: (-1  1  0) (-1  0  0) ( 0  0  1) ( 0.0000  0.0000  0.0000)
   9: ( 1 -1  0) ( 1  0  0) ( 0  0 -1) ( 0.0000  0.0000  0.0000)
  10: ( 0  1  0) (-1  1  0) ( 0  0  1) ( 0.0000  0.0000  0.5000)
  11: ( 0 -1  0) ( 1 -1  0) ( 0  0 -1) ( 0.0000  0.0000  0.5000)
  12: ( 0 -1  0) (-1  0  0) ( 0  0 -1) ( 0.0000  0.0000  0.5000)
  13: ( 0  1  0) ( 1  0  0) ( 0  0  1) ( 0.0000  0.0000  0.5000)
  14: (-1  0  0) (-1  1  0) ( 0  0 -1) ( 0.0000  0.0000  0.0000)
  15: ( 1  0  0) ( 1 -1  0) ( 0  0  1) ( 0.0000  0.0000  0.0000)
  16: (-1  1  0) ( 0  1  0) ( 0  0 -1) ( 0.0000  0.0000  0.5000)
  17: ( 1 -1  0) ( 0 -1  0) ( 0  0  1) ( 0.0000  0.0000  0.5000)
  18: ( 0  1  0) ( 1  0  0) ( 0  0 -1) ( 0.0000  0.0000  0.0000)
  19: ( 0 -1  0) (-1  0  0) ( 0  0  1) ( 0.0000  0.0000  0.0000)
  20: ( 1  0  0) ( 1 -1  0) ( 0  0 -1) ( 0.0000  0.0000  0.5000)
  21: (-1  0  0) (-1  1  0) ( 0  0  1) ( 0.0000  0.0000  0.5000)
  22: ( 1 -1  0) ( 0 -1  0) ( 0  0 -1) ( 0.0000  0.0000  0.0000)
  23: (-1  1  0) ( 0  1  0) ( 0  0  1) ( 0.0000  0.0000  0.0000)
---------------------------------------------------------------------------------------------------------------------------------------------------
INDX SYMB    x        y        z     EQAT MULT WYKO   0   1   2   3   4   5   6   7   8   9  10  11  12  13  14  15  16  17  18  19  20  21  22  23
---- ---- -------- -------- -------- ---- ---- ----------------------------------------------------------------------------------------------------
   0   Sr   0.3333   0.6667   0.7500    0    2    d   0   1   1   0   0   1   1   0   0   1   1   0   0   1   1   0   0   1   1   0   0   1   1   0
   1   Sr   0.6667   0.3333   0.2500    0    2    d   1   0   0   1   1   0   0   1   1   0   0   1   1   0   0   1   1   0   0   1   1   0   0   1
   2   Fe   0.0000   0.0000   0.0000    2    2    a   2   2   3   3   2   2   3   3   2   2   3   3   3   3   2   2   3   3   2   2   3   3   2   2
   3   Fe   0.0000   0.0000   0.5000    2    2    a   3   3   2   2   3   3   2   2   3   3   2   2   2   2   3   3   2   2   3   3   2   2   3   3
   4   Fe   0.0000   0.0000   0.2500    4    2    b   4   5   5   4   4   5   5   4   4   5   5   4   4   5   5   4   4   5   5   4   4   5   5   4
   5   Fe   0.0000   0.0000   0.7500    4    2    b   5   4   4   5   5   4   4   5   5   4   4   5   5   4   4   5   5   4   4   5   5   4   4   5
   6   Fe   0.3333   0.6667   0.0268    6    4    f   6   8   7   9   6   8   7   9   6   8   7   9   9   7   8   6   9   7   8   6   9   7   8   6
   7   Fe   0.6667   0.3333   0.5268    6    4    f   7   9   6   8   7   9   6   8   7   9   6   8   8   6   9   7   8   6   9   7   8   6   9   7
   8   Fe   0.6667   0.3333   0.9732    6    4    f   8   6   9   7   8   6   9   7   8   6   9   7   7   9   6   8   7   9   6   8   7   9   6   8
   9   Fe   0.3333   0.6667   0.4732    6    4    f   9   7   8   6   9   7   8   6   9   7   8   6   6   8   7   9   6   8   7   9   6   8   7   9
  10   Fe   0.3333   0.6667   0.1908   10    4    f  10  12  11  13  10  12  11  13  10  12  11  13  13  11  12  10  13  11  12  10  13  11  12  10
  11   Fe   0.6667   0.3333   0.6908   10    4    f  11  13  10  12  11  13  10  12  11  13  10  12  12  10  13  11  12  10  13  11  12  10  13  11
  12   Fe   0.6667   0.3333   0.8092   10    4    f  12  10  13  11  12  10  13  11  12  10  13  11  11  13  10  12  11  13  10  12  11  13  10  12
  13   Fe   0.3333   0.6667   0.3092   10    4    f  13  11  12  10  13  11  12  10  13  11  12  10  10  12  11  13  10  12  11  13  10  12  11  13
  14   Fe   0.1689   0.3378   0.8910   14   12    k  14  21  19  25  15  20  17  24  16  22  18  23  23  18  22  16  24  17  20  15  25  19  21  14
  15   Fe   0.6622   0.8311   0.8910   14   12    k  15  20  17  24  16  22  18  23  14  21  19  25  24  17  20  15  25  19  21  14  23  18  22  16
  16   Fe   0.1689   0.8311   0.8910   14   12    k  16  22  18  23  14  21  19  25  15  20  17  24  25  19  21  14  23  18  22  16  24  17  20  15
  17   Fe   0.8311   0.6622   0.3910   14   12    k  17  24  16  22  18  23  14  21  19  25  15  20  20  15  25  19  21  14  23  18  22  16  24  17
  18   Fe   0.3378   0.1689   0.3910   14   12    k  18  23  14  21  19  25  15  20  17  24  16  22  21  14  23  18  22  16  24  17  20  15  25  19
  19   Fe   0.8311   0.1689   0.3910   14   12    k  19  25  15  20  17  24  16  22  18  23  14  21  22  16  24  17  20  15  25  19  21  14  23  18
  20   Fe   0.3378   0.1689   0.1090   14   12    k  20  15  24  17  22  16  23  18  21  14  25  19  17  24  15  20  19  25  14  21  18  23  16  22
  21   Fe   0.8311   0.6622   0.1090   14   12    k  21  14  25  19  20  15  24  17  22  16  23  18  18  23  16  22  17  24  15  20  19  25  14  21
  22   Fe   0.8311   0.1689   0.1090   14   12    k  22  16  23  18  21  14  25  19  20  15  24  17  19  25  14  21  18  23  16  22  17  24  15  20
  23   Fe   0.6622   0.8311   0.6090   14   12    k  23  18  21  14  25  19  20  15  24  17  22  16  14  21  18  23  16  22  17  24  15  20  19  25
  24   Fe   0.1689   0.3378   0.6090   14   12    k  24  17  22  16  23  18  21  14  25  19  20  15  15  20  19  25  14  21  18  23  16  22  17  24
  25   Fe   0.1689   0.8311   0.6090   14   12    k  25  19  20  15  24  17  22  16  23  18  21  14  16  22  17  24  15  20  19  25  14  21  18  23
  26    O   0.0000   0.0000   0.1519   26    4    e  26  28  27  29  26  28  27  29  26  28  27  29  29  27  28  26  29  27  28  26  29  27  28  26
  27    O   0.0000   0.0000   0.6519   26    4    e  27  29  26  28  27  29  26  28  27  29  26  28  28  26  29  27  28  26  29  27  28  26  29  27
  28    O   0.0000   0.0000   0.8481   26    4    e  28  26  29  27  28  26  29  27  28  26  29  27  27  29  26  28  27  29  26  28  27  29  26  28
  29    O   0.0000   0.0000   0.3481   26    4    e  29  27  28  26  29  27  28  26  29  27  28  26  26  28  27  29  26  28  27  29  26  28  27  29
  30    O   0.3333   0.6667   0.9445   30    4    f  30  32  31  33  30  32  31  33  30  32  31  33  33  31  32  30  33  31  32  30  33  31  32  30
  31    O   0.6667   0.3333   0.4445   30    4    f  31  33  30  32  31  33  30  32  31  33  30  32  32  30  33  31  32  30  33  31  32  30  33  31
  32    O   0.6667   0.3333   0.0555   30    4    f  32  30  33  31  32  30  33  31  32  30  33  31  31  33  30  32  31  33  30  32  31  33  30  32
  33    O   0.3333   0.6667   0.5555   30    4    f  33  31  32  30  33  31  32  30  33  31  32  30  30  32  31  33  30  32  31  33  30  32  31  33
  34    O   0.1816   0.3631   0.2500   34    6    h  34  37  39  36  35  38  37  34  36  39  38  35  35  38  39  36  34  37  38  35  36  39  37  34
  35    O   0.6369   0.8184   0.2500   34    6    h  35  38  37  34  36  39  38  35  34  37  39  36  34  37  38  35  36  39  37  34  35  38  39  36
  36    O   0.1816   0.8184   0.2500   34    6    h  36  39  38  35  34  37  39  36  35  38  37  34  36  39  37  34  35  38  39  36  34  37  38  35
  37    O   0.8184   0.6369   0.7500   34    6    h  37  34  36  39  38  35  34  37  39  36  35  38  38  35  36  39  37  34  35  38  39  36  34  37
  38    O   0.3631   0.1816   0.7500   34    6    h  38  35  34  37  39  36  35  38  37  34  36  39  37  34  35  38  39  36  34  37  38  35  36  39
  39    O   0.8184   0.1816   0.7500   34    6    h  39  36  35  38  37  34  36  39  38  35  34  37  39  36  34  37  38  35  36  39  37  34  35  38
  40    O   0.1573   0.3145   0.0524   40   12    k  40  47  45  51  41  46  43  50  42  48  44  49  49  44  48  42  50  43  46  41  51  45  47  40
  41    O   0.6855   0.8427   0.0524   40   12    k  41  46  43  50  42  48  44  49  40  47  45  51  50  43  46  41  51  45  47  40  49  44  48  42
  42    O   0.1573   0.8427   0.0524   40   12    k  42  48  44  49  40  47  45  51  41  46  43  50  51  45  47  40  49  44  48  42  50  43  46  41
  43    O   0.8427   0.6855   0.5524   40   12    k  43  50  42  48  44  49  40  47  45  51  41  46  46  41  51  45  47  40  49  44  48  42  50  43
  44    O   0.3145   0.1573   0.5524   40   12    k  44  49  40  47  45  51  41  46  43  50  42  48  47  40  49  44  48  42  50  43  46  41  51  45
  45    O   0.8427   0.1573   0.5524   40   12    k  45  51  41  46  43  50  42  48  44  49  40  47  48  42  50  43  46  41  51  45  47  40  49  44
  46    O   0.3145   0.1573   0.9476   40   12    k  46  41  50  43  48  42  49  44  47  40  51  45  43  50  41  46  45  51  40  47  44  49  42  48
  47    O   0.8427   0.6855   0.9476   40   12    k  47  40  51  45  46  41  50  43  48  42  49  44  44  49  42  48  43  50  41  46  45  51  40  47
  48    O   0.8427   0.1573   0.9476   40   12    k  48  42  49  44  47  40  51  45  46  41  50  43  45  51  40  47  44  49  42  48  43  50  41  46
  49    O   0.6855   0.8427   0.4476   40   12    k  49  44  47  40  51  45  46  41  50  43  48  42  40  47  44  49  42  48  43  50  41  46  45  51
  50    O   0.1573   0.3145   0.4476   40   12    k  50  43  48  42  49  44  47  40  51  45  46  41  41  46  45  51  40  47  44  49  42  48  43  50
  51    O   0.1573   0.8427   0.4476   40   12    k  51  45  46  41  50  43  48  42  49  44  47  40  42  48  43  50  41  46  45  51  40  47  44  49
  52    O   0.5041   0.0082   0.1515   52   12    k  52  59  57  63  53  58  55  62  54  60  56  61  61  56  60  54  62  55  58  53  63  57  59  52
  53    O   0.9918   0.4959   0.1515   52   12    k  53  58  55  62  54  60  56  61  52  59  57  63  62  55  58  53  63  57  59  52  61  56  60  54
  54    O   0.5041   0.4959   0.1515   52   12    k  54  60  56  61  52  59  57  63  53  58  55  62  63  57  59  52  61  56  60  54  62  55  58  53
  55    O   0.4959   0.9918   0.6515   52   12    k  55  62  54  60  56  61  52  59  57  63  53  58  58  53  63  57  59  52  61  56  60  54  62  55
  56    O   0.0082   0.5041   0.6515   52   12    k  56  61  52  59  57  63  53  58  55  62  54  60  59  52  61  56  60  54  62  55  58  53  63  57
  57    O   0.4959   0.5041   0.6515   52   12    k  57  63  53  58  55  62  54  60  56  61  52  59  60  54  62  55  58  53  63  57  59  52  61  56
  58    O   0.0082   0.5041   0.8485   52   12    k  58  53  62  55  60  54  61  56  59  52  63  57  55  62  53  58  57  63  52  59  56  61  54  60
  59    O   0.4959   0.9918   0.8485   52   12    k  59  52  63  57  58  53  62  55  60  54  61  56  56  61  54  60  55  62  53  58  57  63  52  59
  60    O   0.4959   0.5041   0.8485   52   12    k  60  54  61  56  59  52  63  57  58  53  62  55  57  63  52  59  56  61  54  60  55  62  53  58
  61    O   0.9918   0.4959   0.3485   52   12    k  61  56  59  52  63  57  58  53  62  55  60  54  52  59  56  61  54  60  55  62  53  58  57  63
  62    O   0.5041   0.0082   0.3485   52   12    k  62  55  60  54  61  56  59  52  63  57  58  53  53  58  57  63  52  59  56  61  54  60  55  62
  63    O   0.5041   0.4959   0.3485   52   12    k  63  57  58  53  62  55  60  54  61  56  59  52  54  60  55  62  53  58  57  63  52  59  56  61
---------------------------------------------------------------------------------------------------------------------------------------------------
atom_symbols= ['Sr', 'Sr', 'Fe', 'Fe', 'Fe', 'Fe', 'Fe', 'Fe', 'Fe', 'Fe', 'Fe', 'Fe', 'Fe', 'Fe', 'Fe', 'Fe', 'Fe', 'Fe', 'Fe', 'Fe', 'Fe', 'Fe', 'Fe', 'Fe', 'Fe', 'Fe', 'O', 'O', 'O', 'O', 'O', 'O', 'O', 'O', 'O', 'O', 'O', 'O', 'O', 'O', 'O', 'O', 'O', 'O', 'O', 'O', 'O', 'O', 'O', 'O', 'O', 'O', 'O', 'O', 'O', 'O', 'O', 'O', 'O', 'O', 'O', 'O', 'O', 'O']

=== Primitive cell ===
Atoms: Sr2Fe24O38
Unit cell:
    5.928568   0.000000   0.000000 
   -2.964284   5.134290   0.000000 
    0.000000   0.000000  23.214920 
Num of atoms: 64
---- ---- ---------- ---------- ----------
INDX SYMB     x          y          z     
---- ---- ---------- ---------- ----------
   0   Sr   0.333333   0.666667   0.750000
   1   Sr   0.666667   0.333333   0.250000
   2   Fe   0.000000   0.000000   0.000000
   3   Fe   0.000000   0.000000   0.500000
   4   Fe   0.000000   0.000000   0.250000
   5   Fe   0.000000   0.000000   0.750000
   6   Fe   0.333333   0.666667   0.026808
   7   Fe   0.666667   0.333333   0.526808
   8   Fe   0.666667   0.333333   0.973192
   9   Fe   0.333333   0.666667   0.473192
  10   Fe   0.333333   0.666667   0.190753
  11   Fe   0.666667   0.333333   0.690753
  12   Fe   0.666667   0.333333   0.809247
  13   Fe   0.333333   0.666667   0.309247
  14   Fe   0.168875   0.337750   0.890994
  15   Fe   0.662250   0.831125   0.890994
  16   Fe   0.168875   0.831125   0.890994
  17   Fe   0.831125   0.662250   0.390994
  18   Fe   0.337750   0.168875   0.390994
  19   Fe   0.831125   0.168875   0.390994
  20   Fe   0.337750   0.168875   0.109006
  21   Fe   0.831125   0.662250   0.109006
  22   Fe   0.831125   0.168875   0.109006
  23   Fe   0.662250   0.831125   0.609006
  24   Fe   0.168875   0.337750   0.609006
  25   Fe   0.168875   0.831125   0.609006
  26    O   0.000000   0.000000   0.151908
  27    O   0.000000   0.000000   0.651908
  28    O   0.000000   0.000000   0.848092
  29    O   0.000000   0.000000   0.348092
  30    O   0.333333   0.666667   0.944509
  31    O   0.666667   0.333333   0.444509
  32    O   0.666667   0.333333   0.055491
  33    O   0.333333   0.666667   0.555491
  34    O   0.181555   0.363109   0.250000
  35    O   0.636891   0.818445   0.250000
  36    O   0.181555   0.818445   0.250000
  37    O   0.818445   0.636891   0.750000
  38    O   0.363109   0.181555   0.750000
  39    O   0.818445   0.181555   0.750000
  40    O   0.157266   0.314531   0.052407
  41    O   0.685469   0.842734   0.052407
  42    O   0.157266   0.842734   0.052407
  43    O   0.842734   0.685469   0.552407
  44    O   0.314531   0.157266   0.552407
  45    O   0.842734   0.157266   0.552407
  46    O   0.314531   0.157266   0.947593
  47    O   0.842734   0.685469   0.947593
  48    O   0.842734   0.157266   0.947593
  49    O   0.685469   0.842734   0.447593
  50    O   0.157266   0.314531   0.447593
  51    O   0.157266   0.842734   0.447593
  52    O   0.504083   0.008167   0.151488
  53    O   0.991833   0.495917   0.151488
  54    O   0.504083   0.495917   0.151488
  55    O   0.495917   0.991833   0.651488
  56    O   0.008167   0.504083   0.651488
  57    O   0.495917   0.504083   0.651488
  58    O   0.008167   0.504083   0.848512
  59    O   0.495917   0.991833   0.848512
  60    O   0.495917   0.504083   0.848512
  61    O   0.991833   0.495917   0.348512
  62    O   0.504083   0.008167   0.348512
  63    O   0.504083   0.495917   0.348512
===========================================
